A 200 400 800 1600 
a 100 400 800 1600
B 200 400 800 2400  
b 100 400 800 2400 
C 200 400 800 4000
c 100 400 800 4000
D 200 400 1200 1600
d 100 400 1200 1600
E 200 400 1200 2400
e 100 400 1200 2400
F 200 400 1200 4000
f 100 400 1200 4000
G 200 400 2000 1600
g 100 400 2000 1600
H 200 400 2000 2400
h 100 400 2000 2400
I 200 400 2000 4000
i 100 400 2000 4000
J 200 600 800 1600
j 100 600 800 1600
K 200 600 800 2400
k 100 600 800 2400
L 200 600 800 4000
l 100 600 800 4000
M 200 600 1200 1600
m 100 600 1200 1600
N 200 600 1200 2400
n 100 600 1200 2400
O 200 600 1200 4000
o 100 600 1200 4000
P 200 600 2000 1600
p 100 600 2000 1600
Q 200 600 2000 2400
q 100 600 2000 2400 
R 200 600 2000 4000
r 100 600 2000 4000
S 200 1000 800 1600
s 100 1000 800 1600
T 200 1000 800 2400
t 100 1000 800 2400
U 200 1000 800 4000
u 100 1000 800 4000
V 200 1000 1200 1600
v 100 1000 1200 1600
W 200 1000 1200 2400
w 100 1000 1200 2400
X 200 1000 1200 4000
x 100 1000 1200 4000
Y 200 1000 2000 1600
y 100 1000 2000 1600 
Z 200 1000 2000 2400
z 100 1000 2000 2400
0 100 1000 2000 4000